500
1.0e30 0.0 0.0 0.0 0.0 0.0 0.0
4.000e+20 6.573e+09 2.264e+08 0.0 -3.469e+03 1.007e+05 0.0
3.000e+20 3.168e+09 1.327e+08 0.0 -6.070e+03 1.449e+05 0.0
4.000e+20 1.247e+09 5.517e+07 0.0 -1.022e+04 2.310e+05 0.0
2.000e+20 9.314e+09 4.995e+08 0.0 -4.530e+03 8.447e+04 0.0
7.000e+20 6.532e+09 6.511e+07 0.0 -1.008e+03 1.011e+05 0.0
7.000e+20 5.492e+09 1.245e+08 0.0 -2.499e+03 1.102e+05 0.0
5.000e+20 6.242e+09 2.600e+08 0.0 -4.302e+03 1.033e+05 0.0
7.000e+20 5.784e+09 1.535e+07 0.0 -2.851e+02 1.074e+05 0.0
9.000e+20 6.814e+09 3.844e+08 0.0 -5.571e+03 9.873e+04 0.0
6.000e+20 7.100e+09 7.288e+07 0.0 -9.951e+02 9.695e+04 0.0
5.000e+20 3.467e+09 1.158e+08 0.0 -4.631e+03 1.386e+05 0.0
9.000e+20 7.824e+09 3.955e+08 0.0 -4.660e+03 9.218e+04 0.0
4.000e+20 9.724e+09 1.913e+08 0.0 -1.629e+03 8.282e+04 0.0
5.000e+20 9.787e+09 4.348e+08 0.0 -3.663e+03 8.246e+04 0.0
3.000e+20 7.384e+09 4.582e+08 0.0 -5.883e+03 9.480e+04 0.0
4.000e+20 2.338e+09 2.947e+07 0.0 -2.130e+03 1.689e+05 0.0
6.000e+20 8.283e+09 4.988e+08 0.0 -5.391e+03 8.952e+04 0.0
6.000e+20 5.816e+09 3.779e+08 0.0 -6.938e+03 1.068e+05 0.0
5.000e+20 2.663e+09 1.217e+08 0.0 -7.220e+03 1.581e+05 0.0
9.000e+20 5.909e+09 3.829e+08 0.0 -6.865e+03 1.059e+05 0.0
9.000e+20 2.426e+09 1.097e+08 0.0 -7.490e+03 1.656e+05 0.0
2.000e+20 8.601e+09 3.234e+08 0.0 -3.309e+03 8.800e+04 0.0
4.000e+20 4.119e+09 6.974e+07 0.0 -2.154e+03 1.273e+05 0.0
4.000e+20 5.523e+09 2.617e+07 0.0 -5.208e+02 1.099e+05 0.0
9.000e+20 7.788e+09 1.116e+08 0.0 -1.326e+03 9.256e+04 0.0
4.000e+20 7.291e+09 3.053e+08 0.0 -4.002e+03 9.555e+04 0.0
3.000e+20 5.174e+09 3.042e+08 0.0 -6.662e+03 1.133e+05 0.0
9.000e+20 1.200e+09 4.822e+07 0.0 -9.470e+03 2.356e+05 0.0
2.000e+20 1.114e+09 9.458e+06 0.0 -2.079e+03 2.448e+05 0.0
2.000e+20 6.112e+09 2.317e+08 0.0 -3.957e+03 1.044e+05 0.0
8.000e+20 1.383e+09 5.247e+07 0.0 -8.328e+03 2.195e+05 0.0
8.000e+20 4.274e+09 1.160e+08 0.0 -3.390e+03 1.249e+05 0.0
2.000e+20 5.428e+09 6.841e+07 0.0 -1.397e+03 1.109e+05 0.0
6.000e+20 7.621e+09 3.525e+08 0.0 -4.321e+03 9.343e+04 0.0
4.000e+20 7.905e+09 5.053e+08 0.0 -5.856e+03 9.160e+04 0.0
4.000e+20 6.198e+09 2.067e+08 0.0 -3.458e+03 1.037e+05 0.0
1.000e+20 5.704e+09 3.486e+08 0.0 -6.593e+03 1.079e+05 0.0
6.000e+20 6.182e+09 1.166e+08 0.0 -1.960e+03 1.039e+05 0.0
3.000e+20 8.913e+09 3.379e+08 0.0 -3.278e+03 8.644e+04 0.0
8.000e+20 5.645e+09 6.768e+07 0.0 -1.303e+03 1.087e+05 0.0
4.000e+20 9.718e+09 5.566e+08 0.0 -4.735e+03 8.267e+04 0.0
5.000e+20 5.384e+09 5.138e+07 0.0 -1.062e+03 1.113e+05 0.0
6.000e+20 3.957e+09 2.427e+08 0.0 -7.943e+03 1.295e+05 0.0
3.000e+20 2.082e+09 7.838e+07 0.0 -6.731e+03 1.788e+05 0.0
6.000e+20 2.791e+09 1.373e+08 0.0 -7.595e+03 1.544e+05 0.0
6.000e+20 9.796e+09 2.735e+07 0.0 -2.305e+02 8.254e+04 0.0
8.000e+20 5.681e+09 3.015e+08 0.0 -5.740e+03 1.082e+05 0.0
1.000e+20 7.423e+09 2.679e+08 0.0 -3.419e+03 9.473e+04 0.0
4.000e+20 7.777e+09 3.739e+08 0.0 -4.446e+03 9.248e+04 0.0
9.000e+20 7.504e+09 8.868e+07 0.0 -1.114e+03 9.430e+04 0.0
2.000e+20 7.798e+09 1.054e+08 0.0 -1.250e+03 9.250e+04 0.0
1.000e+20 1.467e+09 5.218e+07 0.0 -7.583e+03 2.131e+05 0.0
3.000e+20 7.939e+09 5.046e+08 0.0 -5.810e+03 9.141e+04 0.0
1.000e+20 2.097e+09 1.583e+07 0.0 -1.347e+03 1.784e+05 0.0
6.000e+20 5.639e+09 7.527e+07 0.0 -1.452e+03 1.088e+05 0.0
8.000e+20 9.246e+09 5.375e+08 0.0 -4.926e+03 8.475e+04 0.0
8.000e+20 8.266e+09 4.138e+08 0.0 -4.490e+03 8.969e+04 0.0
8.000e+20 7.317e+09 1.435e+08 0.0 -1.873e+03 9.548e+04 0.0
3.000e+20 9.972e+09 2.550e+08 0.0 -2.091e+03 8.177e+04 0.0
5.000e+20 4.973e+09 7.411e+07 0.0 -1.726e+03 1.158e+05 0.0
5.000e+20 5.375e+09 2.044e+08 0.0 -4.232e+03 1.113e+05 0.0
7.000e+20 6.121e+09 3.670e+08 0.0 -6.244e+03 1.041e+05 0.0
1.000e+20 9.486e+09 3.240e+08 0.0 -2.862e+03 8.381e+04 0.0
6.000e+20 2.829e+09 1.009e+08 0.0 -5.471e+03 1.534e+05 0.0
4.000e+20 3.344e+09 1.119e+08 0.0 -4.725e+03 1.412e+05 0.0
3.000e+20 1.808e+09 3.894e+07 0.0 -4.137e+03 1.921e+05 0.0
6.000e+20 9.603e+09 5.471e+08 0.0 -4.738e+03 8.316e+04 0.0
7.000e+20 8.756e+09 5.537e+08 0.0 -5.504e+03 8.704e+04 0.0
1.000e+20 8.637e+09 4.474e+08 0.0 -4.544e+03 8.773e+04 0.0
6.000e+20 4.469e+09 1.143e+08 0.0 -3.125e+03 1.221e+05 0.0
7.000e+20 8.131e+09 6.048e+07 0.0 -6.739e+02 9.059e+04 0.0
5.000e+20 3.953e+09 9.404e+07 0.0 -3.089e+03 1.299e+05 0.0
8.000e+20 1.584e+09 6.081e+07 0.0 -7.870e+03 2.050e+05 0.0
1.000e+20 2.568e+09 1.669e+08 0.0 -1.044e+04 1.607e+05 0.0
9.000e+20 5.845e+09 9.315e+07 0.0 -1.703e+03 1.068e+05 0.0
6.000e+20 3.684e+09 2.967e+07 0.0 -1.084e+03 1.346e+05 0.0
3.000e+20 1.227e+09 5.734e+07 0.0 -1.088e+04 2.328e+05 0.0
6.000e+20 3.933e+09 4.427e+07 0.0 -1.466e+03 1.303e+05 0.0
9.000e+20 1.533e+09 1.392e+07 0.0 -1.896e+03 2.087e+05 0.0
7.000e+20 4.110e+09 1.914e+08 0.0 -5.926e+03 1.272e+05 0.0
8.000e+20 3.426e+09 2.077e+08 0.0 -8.439e+03 1.392e+05 0.0
4.000e+20 3.809e+09 2.415e+07 0.0 -8.392e+02 1.324e+05 0.0
9.000e+20 6.237e+09 2.466e+07 0.0 -4.090e+02 1.034e+05 0.0
9.000e+20 8.878e+09 5.357e+08 0.0 -5.218e+03 8.647e+04 0.0
3.000e+20 8.069e+09 2.418e+08 0.0 -2.723e+03 9.088e+04 0.0
3.000e+20 8.244e+09 2.381e+08 0.0 -2.597e+03 8.992e+04 0.0
3.000e+20 7.358e+09 4.091e+08 0.0 -5.283e+03 9.502e+04 0.0
4.000e+20 5.448e+09 2.358e+08 0.0 -4.784e+03 1.105e+05 0.0
9.000e+20 7.303e+09 4.898e+07 0.0 -6.411e+02 9.559e+04 0.0
9.000e+20 9.081e+09 4.246e+08 0.0 -4.002e+03 8.559e+04 0.0
1.000e+20 7.197e+09 4.108e+08 0.0 -5.484e+03 9.607e+04 0.0
8.000e+20 2.800e+09 1.701e+08 0.0 -9.354e+03 1.540e+05 0.0
8.000e+20 2.904e+09 1.700e+08 0.0 -8.852e+03 1.512e+05 0.0
3.000e+20 3.961e+09 1.198e+08 0.0 -3.922e+03 1.297e+05 0.0
5.000e+20 8.455e+09 3.431e+08 0.0 -3.602e+03 8.874e+04 0.0
4.000e+20 9.321e+09 3.264e+08 0.0 -2.961e+03 8.454e+04 0.0
7.000e+20 1.325e+09 5.566e+07 0.0 -9.414e+03 2.241e+05 0.0
2.000e+20 4.025e+09 2.483e+08 0.0 -7.921e+03 1.284e+05 0.0
1.000e+20 9.522e+09 3.749e+08 0.0 -3.292e+03 8.363e+04 0.0
7.000e+20 9.400e+09 2.348e+08 0.0 -2.104e+03 8.423e+04 0.0
3.000e+20 1.438e+09 4.062e+07 0.0 -6.085e+03 2.153e+05 0.0
9.000e+20 4.795e+09 3.361e+07 0.0 -8.267e+02 1.180e+05 0.0
7.000e+20 8.239e+09 1.575e+07 0.0 -1.721e+02 9.001e+04 0.0
9.000e+20 9.075e+09 2.491e+08 0.0 -2.353e+03 8.571e+04 0.0
5.000e+20 5.813e+09 3.729e+08 0.0 -6.854e+03 1.068e+05 0.0
3.000e+20 4.526e+09 2.341e+08 0.0 -6.267e+03 1.212e+05 0.0
4.000e+20 8.113e+09 3.195e+08 0.0 -3.569e+03 9.060e+04 0.0
7.000e+20 9.602e+09 2.446e+08 0.0 -2.123e+03 8.333e+04 0.0
5.000e+20 5.816e+09 2.237e+08 0.0 -4.116e+03 1.070e+05 0.0
7.000e+20 9.671e+09 5.725e+06 0.0 -4.918e+01 8.307e+04 0.0
7.000e+20 7.782e+09 3.656e+08 0.0 -4.343e+03 9.246e+04 0.0
6.000e+20 2.541e+09 1.293e+08 0.0 -8.232e+03 1.618e+05 0.0
5.000e+20 2.845e+09 1.458e+08 0.0 -7.830e+03 1.529e+05 0.0
7.000e+20 6.955e+09 3.479e+08 0.0 -4.891e+03 9.778e+04 0.0
2.000e+20 5.444e+09 1.646e+08 0.0 -3.346e+03 1.106e+05 0.0
1.000e+20 2.686e+09 6.788e+07 0.0 -3.981e+03 1.576e+05 0.0
8.000e+20 9.850e+09 1.298e+08 0.0 -1.084e+03 8.230e+04 0.0
2.000e+20 1.953e+09 1.260e+08 0.0 -1.189e+04 1.843e+05 0.0
6.000e+20 5.152e+09 2.058e+08 0.0 -4.540e+03 1.137e+05 0.0
6.000e+20 6.544e+09 1.103e+08 0.0 -1.701e+03 1.010e+05 0.0
6.000e+20 6.418e+09 8.569e+07 0.0 -1.361e+03 1.020e+05 0.0
2.000e+20 6.108e+09 2.699e+08 0.0 -4.613e+03 1.044e+05 0.0
1.000e+20 8.100e+09 4.451e+08 0.0 -4.977e+03 9.057e+04 0.0
2.000e+20 4.376e+09 8.252e+07 0.0 -2.328e+03 1.235e+05 0.0
1.000e+20 7.359e+09 3.522e+08 0.0 -4.550e+03 9.507e+04 0.0
2.000e+20 1.788e+09 7.228e+07 0.0 -7.803e+03 1.930e+05 0.0
9.000e+20 7.525e+09 1.098e+08 0.0 -1.374e+03 9.416e+04 0.0
3.000e+20 5.694e+09 3.676e+07 0.0 -6.989e+02 1.083e+05 0.0
5.000e+20 9.506e+09 5.270e+08 0.0 -4.635e+03 8.360e+04 0.0
6.000e+20 4.394e+09 2.458e+08 0.0 -6.878e+03 1.230e+05 0.0
1.000e+20 2.537e+09 1.008e+08 0.0 -6.440e+03 1.620e+05 0.0
1.000e+20 2.766e+09 1.646e+08 0.0 -9.222e+03 1.549e+05 0.0
5.000e+20 7.214e+09 2.326e+08 0.0 -3.099e+03 9.611e+04 0.0
6.000e+20 4.289e+09 1.072e+08 0.0 -3.117e+03 1.247e+05 0.0
7.000e+20 4.291e+09 2.534e+08 0.0 -7.344e+03 1.244e+05 0.0
7.000e+20 2.825e+09 1.164e+08 0.0 -6.323e+03 1.535e+05 0.0
2.000e+20 9.934e+09 6.278e+08 0.0 -5.165e+03 8.172e+04 0.0
6.000e+20 3.861e+09 3.679e+07 0.0 -1.253e+03 1.315e+05 0.0
4.000e+20 1.187e+09 2.361e+07 0.0 -4.712e+03 2.370e+05 0.0
6.000e+20 5.470e+09 3.575e+08 0.0 -7.197e+03 1.101e+05 0.0
5.000e+20 9.989e+08 5.736e+07 0.0 -1.481e+04 2.579e+05 0.0
5.000e+20 9.588e+09 4.205e+08 0.0 -3.654e+03 8.331e+04 0.0
9.000e+20 9.161e+09 2.659e+08 0.0 -2.476e+03 8.530e+04 0.0
7.000e+20 1.678e+09 9.744e+07 0.0 -1.155e+04 1.989e+05 0.0
4.000e+20 2.803e+09 1.073e+08 0.0 -5.901e+03 1.541e+05 0.0
9.000e+20 5.333e+09 2.098e+08 0.0 -4.396e+03 1.117e+05 0.0
3.000e+20 8.562e+09 4.495e+08 0.0 -4.625e+03 8.811e+04 0.0
2.000e+20 3.204e+09 1.770e+08 0.0 -7.957e+03 1.440e+05 0.0
7.000e+20 3.829e+09 2.137e+08 0.0 -7.349e+03 1.317e+05 0.0
3.000e+20 6.570e+09 1.535e+08 0.0 -2.354e+03 1.007e+05 0.0
3.000e+20 7.233e+09 1.832e+08 0.0 -2.431e+03 9.601e+04 0.0
2.000e+20 8.964e+09 3.836e+08 0.0 -3.687e+03 8.617e+04 0.0
8.000e+20 2.666e+09 1.328e+08 0.0 -7.864e+03 1.579e+05 0.0
3.000e+20 3.064e+09 5.727e+07 0.0 -2.759e+03 1.476e+05 0.0
6.000e+20 5.357e+09 2.546e+08 0.0 -5.296e+03 1.114e+05 0.0
1.000e+20 6.838e+09 1.389e+08 0.0 -2.007e+03 9.877e+04 0.0
8.000e+20 7.410e+09 4.439e+08 0.0 -5.670e+03 9.465e+04 0.0
2.000e+20 9.504e+09 5.981e+08 0.0 -5.259e+03 8.355e+04 0.0
2.000e+20 9.224e+09 1.109e+08 0.0 -1.022e+03 8.506e+04 0.0
4.000e+20 5.655e+09 2.576e+08 0.0 -4.941e+03 1.085e+05 0.0
6.000e+20 2.103e+09 6.847e+07 0.0 -5.794e+03 1.780e+05 0.0
3.000e+20 3.378e+09 8.200e+07 0.0 -3.411e+03 1.405e+05 0.0
6.000e+20 2.074e+09 7.117e+07 0.0 -6.152e+03 1.793e+05 0.0
6.000e+20 8.104e+09 2.096e+07 0.0 -2.347e+02 9.075e+04 0.0
7.000e+20 5.197e+09 2.922e+08 0.0 -6.357e+03 1.131e+05 0.0
5.000e+20 5.496e+09 2.527e+08 0.0 -5.058e+03 1.100e+05 0.0
1.000e+20 6.393e+09 6.393e+06 0.0 -1.022e+02 1.022e+05 0.0
3.000e+20 1.434e+09 7.987e+07 0.0 -1.198e+04 2.152e+05 0.0
3.000e+20 6.815e+09 1.460e+08 0.0 -2.120e+03 9.893e+04 0.0
7.000e+20 6.947e+09 4.179e+08 0.0 -5.881e+03 9.775e+04 0.0
9.000e+20 8.390e+09 3.612e+08 0.0 -3.834e+03 8.907e+04 0.0
9.000e+20 4.554e+09 9.353e+07 0.0 -2.485e+03 1.210e+05 0.0
4.000e+20 9.845e+09 4.992e+08 0.0 -4.167e+03 8.218e+04 0.0
1.000e+20 1.102e+09 3.331e+07 0.0 -7.434e+03 2.459e+05 0.0
9.000e+20 1.353e+09 6.534e+07 0.0 -1.071e+04 2.217e+05 0.0
5.000e+20 3.331e+09 7.682e+07 0.0 -3.264e+03 1.415e+05 0.0
8.000e+20 5.628e+09 6.420e+07 0.0 -1.242e+03 1.089e+05 0.0
9.000e+20 7.073e+09 1.695e+08 0.0 -2.328e+03 9.710e+04 0.0
1.000e+20 9.503e+09 6.121e+08 0.0 -5.381e+03 8.354e+04 0.0
4.000e+20 7.330e+09 2.515e+08 0.0 -3.271e+03 9.534e+04 0.0
7.000e+20 3.467e+09 2.162e+08 0.0 -8.629e+03 1.384e+05 0.0
9.000e+20 3.825e+09 1.753e+08 0.0 -6.043e+03 1.319e+05 0.0
4.000e+20 2.887e+09 1.508e+08 0.0 -7.929e+03 1.517e+05 0.0
6.000e+20 6.805e+09 2.889e+08 0.0 -4.200e+03 9.890e+04 0.0
2.000e+20 2.392e+09 2.030e+07 0.0 -1.418e+03 1.670e+05 0.0
8.000e+20 3.589e+09 2.170e+08 0.0 -8.221e+03 1.360e+05 0.0
8.000e+20 8.407e+09 2.317e+08 0.0 -2.455e+03 8.905e+04 0.0
8.000e+20 7.936e+09 3.484e+08 0.0 -4.020e+03 9.158e+04 0.0
1.000e+20 9.958e+09 2.346e+08 0.0 -1.928e+03 8.183e+04 0.0
5.000e+20 3.907e+09 5.221e+07 0.0 -1.747e+03 1.307e+05 0.0
6.000e+20 5.737e+09 1.358e+08 0.0 -2.551e+03 1.078e+05 0.0
8.000e+20 2.005e+09 5.511e+07 0.0 -5.013e+03 1.824e+05 0.0
9.000e+20 3.007e+09 1.831e+08 0.0 -9.047e+03 1.486e+05 0.0
1.000e+20 2.393e+09 1.565e+08 0.0 -1.089e+04 1.665e+05 0.0
8.000e+20 6.210e+09 3.070e+08 0.0 -5.117e+03 1.035e+05 0.0
8.000e+20 6.048e+09 3.785e+08 0.0 -6.556e+03 1.047e+05 0.0
8.000e+20 3.482e+09 1.991e+08 0.0 -7.895e+03 1.381e+05 0.0
6.000e+20 3.055e+09 1.949e+08 0.0 -9.400e+03 1.474e+05 0.0
9.000e+20 6.917e+09 2.974e+08 0.0 -4.217e+03 9.810e+04 0.0
4.000e+20 8.137e+09 4.902e+08 0.0 -5.442e+03 9.032e+04 0.0
1.000e+20 3.427e+09 1.283e+08 0.0 -5.219e+03 1.394e+05 0.0
6.000e+20 5.002e+09 1.771e+08 0.0 -4.088e+03 1.154e+05 0.0
2.000e+20 3.544e+09 1.139e+08 0.0 -4.409e+03 1.371e+05 0.0
3.000e+20 7.650e+09 2.787e+08 0.0 -3.400e+03 9.331e+04 0.0
1.000e+20 9.450e+09 3.660e+08 0.0 -3.251e+03 8.394e+04 0.0
5.000e+20 9.762e+09 6.207e+08 0.0 -5.242e+03 8.244e+04 0.0
3.000e+20 1.474e+09 7.397e+07 0.0 -1.066e+04 2.124e+05 0.0
8.000e+20 4.240e+09 6.856e+07 0.0 -2.028e+03 1.254e+05 0.0
7.000e+20 6.344e+09 1.513e+08 0.0 -2.446e+03 1.025e+05 0.0
4.000e+20 6.750e+09 3.975e+08 0.0 -5.841e+03 9.918e+04 0.0
7.000e+20 8.845e+09 5.796e+07 0.0 -5.691e+02 8.686e+04 0.0
7.000e+20 1.255e+09 1.431e+07 0.0 -2.629e+03 2.306e+05 0.0
9.000e+20 8.979e+09 4.311e+08 0.0 -4.132e+03 8.607e+04 0.0
8.000e+20 1.887e+09 1.114e+08 0.0 -1.107e+04 1.876e+05 0.0
7.000e+20 1.892e+09 1.005e+08 0.0 -9.957e+03 1.874e+05 0.0
1.000e+20 1.637e+09 3.688e+07 0.0 -4.547e+03 2.018e+05 0.0
2.000e+20 6.824e+09 8.480e+07 0.0 -1.229e+03 9.889e+04 0.0
5.000e+20 1.404e+09 4.698e+06 0.0 -7.295e+02 2.180e+05 0.0
7.000e+20 2.833e+09 2.672e+07 0.0 -1.448e+03 1.535e+05 0.0
9.000e+20 3.099e+09 1.536e+08 0.0 -7.261e+03 1.465e+05 0.0
7.000e+20 6.629e+09 4.459e+07 0.0 -6.749e+02 1.003e+05 0.0
4.000e+20 3.120e+09 1.806e+08 0.0 -8.442e+03 1.459e+05 0.0
6.000e+20 7.461e+09 1.054e+08 0.0 -1.336e+03 9.457e+04 0.0
3.000e+20 7.582e+09 4.794e+08 0.0 -5.915e+03 9.354e+04 0.0
3.000e+20 7.521e+09 3.508e+08 0.0 -4.386e+03 9.405e+04 0.0
5.000e+20 3.098e+09 1.862e+08 0.0 -8.800e+03 1.464e+05 0.0
4.000e+20 7.959e+09 3.455e+08 0.0 -3.970e+03 9.145e+04 0.0
5.000e+20 2.271e+09 6.181e+07 0.0 -4.663e+03 1.713e+05 0.0
5.000e+20 6.162e+09 3.461e+08 0.0 -5.832e+03 1.038e+05 0.0
9.000e+20 5.464e+09 2.686e+07 0.0 -5.433e+02 1.105e+05 0.0
2.000e+20 1.607e+09 4.021e+07 0.0 -5.097e+03 2.037e+05 0.0
1.000e+20 7.175e+09 1.383e+08 0.0 -1.859e+03 9.642e+04 0.0
5.000e+20 3.921e+09 5.820e+07 0.0 -1.936e+03 1.304e+05 0.0
7.000e+20 4.587e+09 2.741e+08 0.0 -7.189e+03 1.203e+05 0.0
2.000e+20 1.311e+09 2.455e+07 0.0 -4.225e+03 2.256e+05 0.0
2.000e+20 7.042e+09 3.098e+08 0.0 -4.276e+03 9.721e+04 0.0
3.000e+20 7.695e+09 3.792e+08 0.0 -4.580e+03 9.296e+04 0.0
3.000e+20 9.749e+09 2.835e+08 0.0 -2.405e+03 8.269e+04 0.0
6.000e+20 2.303e+09 2.529e+07 0.0 -1.869e+03 1.702e+05 0.0
5.000e+20 8.110e+09 2.546e+08 0.0 -2.846e+03 9.065e+04 0.0
1.000e+20 3.427e+09 1.935e+08 0.0 -7.861e+03 1.392e+05 0.0
3.000e+20 9.699e+09 3.090e+08 0.0 -2.641e+03 8.289e+04 0.0
7.000e+20 5.940e+09 9.665e+07 0.0 -1.724e+03 1.060e+05 0.0
9.000e+20 2.762e+09 1.215e+08 0.0 -6.826e+03 1.552e+05 0.0
5.000e+20 5.945e+09 1.349e+08 0.0 -2.404e+03 1.059e+05 0.0
6.000e+20 9.204e+09 3.596e+08 0.0 -3.324e+03 8.506e+04 0.0
8.000e+20 9.657e+09 3.789e+08 0.0 -3.258e+03 8.304e+04 0.0
7.000e+20 8.753e+09 5.024e+08 0.0 -5.000e+03 8.710e+04 0.0
8.000e+20 7.186e+09 5.041e+07 0.0 -6.762e+02 9.637e+04 0.0
4.000e+20 8.196e+09 2.162e+08 0.0 -2.379e+03 9.019e+04 0.0
1.000e+20 6.818e+09 2.695e+08 0.0 -3.906e+03 9.882e+04 0.0
5.000e+20 8.623e+09 2.974e+08 0.0 -3.031e+03 8.790e+04 0.0
2.000e+20 9.264e+09 1.110e+08 0.0 -1.017e+03 8.487e+04 0.0
3.000e+20 2.616e+09 1.154e+08 0.0 -7.036e+03 1.595e+05 0.0
6.000e+20 8.666e+09 3.114e+08 0.0 -3.150e+03 8.767e+04 0.0
7.000e+20 5.213e+09 4.292e+07 0.0 -9.314e+02 1.131e+05 0.0
1.000e+20 5.835e+09 1.632e+08 0.0 -2.990e+03 1.069e+05 0.0
7.000e+20 4.611e+09 1.941e+08 0.0 -5.058e+03 1.202e+05 0.0
8.000e+20 5.150e+09 2.830e+08 0.0 -6.243e+03 1.136e+05 0.0
2.000e+20 3.964e+09 1.610e+08 0.0 -5.263e+03 1.296e+05 0.0
1.000e+20 6.837e+09 2.606e+08 0.0 -3.762e+03 9.869e+04 0.0
1.000e+20 4.373e+09 4.134e+07 0.0 -1.168e+03 1.235e+05 0.0
8.000e+20 1.575e+09 1.940e+06 0.0 -2.536e+02 2.059e+05 0.0
8.000e+20 5.569e+09 2.047e+08 0.0 -4.020e+03 1.094e+05 0.0
2.000e+20 2.397e+09 1.578e+07 0.0 -1.098e+03 1.669e+05 0.0
4.000e+20 1.142e+09 3.278e+07 0.0 -6.936e+03 2.416e+05 0.0
5.000e+20 5.197e+09 7.732e+07 0.0 -1.686e+03 1.133e+05 0.0
5.000e+20 9.092e+09 4.086e+08 0.0 -3.845e+03 8.555e+04 0.0
7.000e+20 9.048e+09 5.116e+07 0.0 -4.856e+02 8.588e+04 0.0
6.000e+20 7.440e+09 4.368e+08 0.0 -5.546e+03 9.447e+04 0.0
6.000e+20 2.836e+09 2.643e+07 0.0 -1.429e+03 1.534e+05 0.0
6.000e+20 3.995e+09 2.311e+08 0.0 -7.456e+03 1.289e+05 0.0
3.000e+20 9.731e+09 1.482e+08 0.0 -1.261e+03 8.281e+04 0.0
4.000e+20 3.821e+09 2.007e+08 0.0 -6.928e+03 1.319e+05 0.0
9.000e+20 6.986e+09 9.615e+07 0.0 -1.345e+03 9.773e+04 0.0
5.000e+20 7.065e+09 4.084e+08 0.0 -5.604e+03 9.695e+04 0.0
2.000e+20 9.107e+09 1.295e+08 0.0 -1.217e+03 8.560e+04 0.0
8.000e+20 7.163e+09 9.297e+07 0.0 -1.253e+03 9.652e+04 0.0
4.000e+20 1.688e+09 1.058e+08 0.0 -1.243e+04 1.982e+05 0.0
9.000e+20 7.991e+09 3.216e+08 0.0 -3.674e+03 9.128e+04 0.0
7.000e+20 6.060e+09 2.775e+08 0.0 -4.799e+03 1.048e+05 0.0
4.000e+20 6.913e+09 2.986e+08 0.0 -4.238e+03 9.812e+04 0.0
9.000e+20 3.120e+09 1.404e+08 0.0 -6.573e+03 1.460e+05 0.0
1.000e+20 1.080e+09 6.005e+07 0.0 -1.379e+04 2.480e+05 0.0
7.000e+20 9.957e+09 6.102e+08 0.0 -5.004e+03 8.164e+04 0.0
2.000e+20 8.160e+09 1.201e+08 0.0 -1.331e+03 9.043e+04 0.0
6.000e+20 6.828e+09 1.437e+08 0.0 -2.080e+03 9.884e+04 0.0
4.000e+20 6.200e+09 1.677e+08 0.0 -2.805e+03 1.037e+05 0.0
8.000e+20 4.364e+09 2.265e+08 0.0 -6.405e+03 1.234e+05 0.0
6.000e+20 8.396e+09 2.016e+08 0.0 -2.140e+03 8.912e+04 0.0
4.000e+20 3.936e+09 1.633e+08 0.0 -5.396e+03 1.300e+05 0.0
8.000e+20 7.598e+09 3.531e+08 0.0 -4.348e+03 9.357e+04 0.0
7.000e+20 2.673e+09 3.806e+07 0.0 -2.250e+03 1.580e+05 0.0
2.000e+20 9.426e+09 6.171e+08 0.0 -5.492e+03 8.388e+04 0.0
1.000e+20 1.198e+09 5.523e+07 0.0 -1.086e+04 2.356e+05 0.0
1.000e+20 7.215e+09 4.275e+08 0.0 -5.683e+03 9.592e+04 0.0
4.000e+20 4.574e+09 2.547e+08 0.0 -6.710e+03 1.205e+05 0.0
5.000e+20 5.057e+09 3.963e+07 0.0 -9.002e+02 1.149e+05 0.0
8.000e+20 1.761e+09 2.063e+07 0.0 -2.279e+03 1.946e+05 0.0
6.000e+20 4.161e+09 2.043e+08 0.0 -6.209e+03 1.264e+05 0.0
9.000e+20 7.881e+09 1.013e+08 0.0 -1.182e+03 9.201e+04 0.0
3.000e+20 5.923e+09 2.750e+08 0.0 -4.920e+03 1.060e+05 0.0
3.000e+20 3.799e+09 6.950e+07 0.0 -2.425e+03 1.325e+05 0.0
3.000e+20 1.736e+09 5.651e+06 0.0 -6.385e+02 1.961e+05 0.0
7.000e+20 3.786e+09 1.524e+08 0.0 -5.339e+03 1.326e+05 0.0
7.000e+20 1.159e+09 1.663e+07 0.0 -3.443e+03 2.400e+05 0.0
7.000e+20 8.939e+09 5.198e+08 0.0 -5.012e+03 8.619e+04 0.0
7.000e+20 6.293e+09 1.456e+08 0.0 -2.382e+03 1.029e+05 0.0
3.000e+20 5.592e+09 1.917e+08 0.0 -3.742e+03 1.091e+05 0.0
8.000e+20 7.974e+09 4.498e+08 0.0 -5.148e+03 9.127e+04 0.0
9.000e+20 2.828e+09 1.742e+07 0.0 -9.463e+02 1.536e+05 0.0
6.000e+20 2.435e+09 1.501e+08 0.0 -1.018e+04 1.651e+05 0.0
5.000e+20 1.060e+09 3.653e+07 0.0 -8.638e+03 2.507e+05 0.0
5.000e+20 4.747e+09 2.705e+08 0.0 -6.740e+03 1.183e+05 0.0
6.000e+20 6.697e+09 1.765e+08 0.0 -2.629e+03 9.978e+04 0.0
2.000e+20 6.180e+09 1.320e+08 0.0 -2.219e+03 1.039e+05 0.0
8.000e+20 4.094e+09 8.455e+07 0.0 -2.636e+03 1.276e+05 0.0
4.000e+20 7.346e+09 3.473e+08 0.0 -4.499e+03 9.516e+04 0.0
4.000e+20 5.042e+09 2.074e+08 0.0 -4.726e+03 1.149e+05 0.0
8.000e+20 6.335e+09 1.435e+08 0.0 -2.324e+03 1.026e+05 0.0
8.000e+20 7.454e+09 1.059e+08 0.0 -1.344e+03 9.461e+04 0.0
3.000e+20 4.843e+09 3.113e+08 0.0 -7.523e+03 1.170e+05 0.0
2.000e+20 2.812e+09 8.894e+07 0.0 -4.869e+03 1.539e+05 0.0
1.000e+20 7.653e+09 4.261e+08 0.0 -5.187e+03 9.317e+04 0.0
2.000e+20 7.150e+09 3.539e+07 0.0 -4.783e+02 9.662e+04 0.0
6.000e+20 2.001e+09 1.230e+08 0.0 -1.119e+04 1.821e+05 0.0
3.000e+20 2.644e+09 1.368e+08 0.0 -8.205e+03 1.586e+05 0.0
6.000e+20 1.969e+09 9.045e+07 0.0 -8.443e+03 1.838e+05 0.0
5.000e+20 2.199e+09 3.110e+07 0.0 -2.464e+03 1.742e+05 0.0
5.000e+20 8.390e+09 7.821e+07 0.0 -8.314e+02 8.919e+04 0.0
2.000e+20 3.927e+09 2.422e+08 0.0 -8.016e+03 1.300e+05 0.0
9.000e+20 3.742e+09 4.739e+07 0.0 -1.691e+03 1.335e+05 0.0
8.000e+20 5.694e+09 3.500e+08 0.0 -6.636e+03 1.080e+05 0.0
4.000e+20 9.251e+09 1.067e+08 0.0 -9.793e+02 8.493e+04 0.0
6.000e+20 8.117e+09 5.014e+08 0.0 -5.585e+03 9.042e+04 0.0
6.000e+20 1.995e+09 4.367e+07 0.0 -4.003e+03 1.829e+05 0.0
9.000e+20 5.683e+09 6.113e+07 0.0 -1.166e+03 1.084e+05 0.0
3.000e+20 6.371e+09 2.498e+08 0.0 -4.008e+03 1.022e+05 0.0
7.000e+20 5.209e+09 1.585e+08 0.0 -3.442e+03 1.131e+05 0.0
4.000e+20 9.541e+09 3.429e+08 0.0 -3.003e+03 8.356e+04 0.0
6.000e+20 3.437e+09 1.008e+08 0.0 -4.083e+03 1.393e+05 0.0
9.000e+20 2.073e+09 3.535e+07 0.0 -3.059e+03 1.794e+05 0.0
3.000e+20 7.001e+09 2.343e+08 0.0 -3.264e+03 9.755e+04 0.0
4.000e+20 7.040e+09 4.242e+08 0.0 -5.851e+03 9.710e+04 0.0
9.000e+20 2.049e+09 4.998e+07 0.0 -4.401e+03 1.804e+05 0.0
3.000e+20 6.263e+09 1.453e+08 0.0 -2.393e+03 1.032e+05 0.0
3.000e+20 5.936e+09 9.937e+07 0.0 -1.775e+03 1.060e+05 0.0
3.000e+20 5.979e+09 2.427e+08 0.0 -4.283e+03 1.055e+05 0.0
8.000e+20 5.934e+09 2.710e+08 0.0 -4.836e+03 1.059e+05 0.0
4.000e+20 3.591e+09 8.576e+06 0.0 -3.255e+02 1.363e+05 0.0
5.000e+20 4.042e+09 7.289e+07 0.0 -2.317e+03 1.285e+05 0.0
8.000e+20 4.812e+09 3.033e+08 0.0 -7.402e+03 1.174e+05 0.0
6.000e+20 4.199e+09 1.670e+08 0.0 -5.007e+03 1.259e+05 0.0
9.000e+20 3.605e+09 1.185e+08 0.0 -4.471e+03 1.360e+05 0.0
2.000e+20 2.890e+09 1.558e+07 0.0 -8.195e+02 1.520e+05 0.0
7.000e+20 6.083e+09 1.718e+08 0.0 -2.956e+03 1.047e+05 0.0
9.000e+20 6.592e+09 2.968e+08 0.0 -4.524e+03 1.005e+05 0.0
1.000e+20 3.997e+09 2.572e+08 0.0 -8.290e+03 1.288e+05 0.0
4.000e+20 7.458e+09 1.534e+08 0.0 -1.945e+03 9.457e+04 0.0
8.000e+20 1.163e+09 8.451e+06 0.0 -1.740e+03 2.395e+05 0.0
6.000e+20 2.922e+09 8.381e+07 0.0 -4.332e+03 1.510e+05 0.0
7.000e+20 4.758e+09 1.169e+08 0.0 -2.908e+03 1.184e+05 0.0
8.000e+20 1.453e+09 1.080e+07 0.0 -1.592e+03 2.143e+05 0.0
1.000e+20 1.630e+09 6.870e+07 0.0 -8.519e+03 2.021e+05 0.0
3.000e+20 2.216e+09 8.824e+06 0.0 -6.911e+02 1.735e+05 0.0
1.000e+20 6.172e+09 2.176e+08 0.0 -3.663e+03 1.039e+05 0.0
3.000e+20 2.454e+09 8.006e+07 0.0 -5.378e+03 1.648e+05 0.0
3.000e+20 6.726e+09 4.265e+08 0.0 -6.297e+03 9.931e+04 0.0
3.000e+20 7.061e+09 1.743e+07 0.0 -2.399e+02 9.722e+04 0.0
8.000e+20 2.255e+09 8.299e+07 0.0 -6.326e+03 1.719e+05 0.0
6.000e+20 7.155e+09 1.321e+08 0.0 -1.783e+03 9.656e+04 0.0
7.000e+20 1.455e+09 6.409e+07 0.0 -9.419e+03 2.139e+05 0.0
6.000e+20 9.549e+09 4.380e+08 0.0 -3.829e+03 8.347e+04 0.0
1.000e+20 9.146e+09 5.687e+08 0.0 -5.296e+03 8.518e+04 0.0
9.000e+20 5.342e+09 3.041e+08 0.0 -6.349e+03 1.115e+05 0.0
1.000e+20 1.684e+09 4.726e+07 0.0 -5.586e+03 1.990e+05 0.0
3.000e+20 7.101e+09 1.885e+07 0.0 -2.573e+02 9.695e+04 0.0
5.000e+20 2.821e+09 9.180e+07 0.0 -5.000e+03 1.537e+05 0.0
5.000e+20 3.134e+09 1.577e+08 0.0 -7.328e+03 1.457e+05 0.0
3.000e+20 6.184e+09 3.761e+08 0.0 -6.301e+03 1.036e+05 0.0
9.000e+20 5.572e+09 3.602e+08 0.0 -7.053e+03 1.091e+05 0.0
2.000e+20 4.830e+09 1.354e+08 0.0 -3.293e+03 1.175e+05 0.0
4.000e+20 2.142e+09 3.341e+06 0.0 -2.754e+02 1.765e+05 0.0
3.000e+20 5.446e+09 3.010e+08 0.0 -6.104e+03 1.105e+05 0.0
5.000e+20 4.567e+09 1.406e+08 0.0 -3.719e+03 1.208e+05 0.0
7.000e+20 7.736e+09 1.272e+07 0.0 -1.527e+02 9.289e+04 0.0
2.000e+20 1.597e+09 3.012e+07 0.0 -3.854e+03 2.044e+05 0.0
4.000e+20 1.465e+09 3.559e+07 0.0 -5.184e+03 2.134e+05 0.0
4.000e+20 9.688e+09 3.345e+08 0.0 -2.863e+03 8.293e+04 0.0
6.000e+20 6.637e+09 4.253e+08 0.0 -6.406e+03 9.998e+04 0.0
4.000e+20 8.284e+09 5.241e+08 0.0 -5.662e+03 8.949e+04 0.0
6.000e+20 1.571e+09 9.654e+06 0.0 -1.266e+03 2.061e+05 0.0
9.000e+20 8.826e+09 3.137e+08 0.0 -3.088e+03 8.688e+04 0.0
1.000e+20 7.931e+09 2.901e+08 0.0 -3.352e+03 9.164e+04 0.0
4.000e+20 8.478e+09 1.719e+08 0.0 -1.799e+03 8.870e+04 0.0
8.000e+20 1.255e+09 7.943e+07 0.0 -1.455e+04 2.299e+05 0.0
2.000e+20 7.332e+09 5.703e+07 0.0 -7.421e+02 9.541e+04 0.0
1.000e+20 2.654e+09 9.373e+07 0.0 -5.594e+03 1.584e+05 0.0
5.000e+20 7.219e+09 4.345e+08 0.0 -5.772e+03 9.589e+04 0.0
9.000e+20 7.616e+09 1.195e+08 0.0 -1.468e+03 9.360e+04 0.0
4.000e+20 1.021e+09 4.321e+07 0.0 -1.081e+04 2.553e+05 0.0
2.000e+20 7.734e+09 4.056e+08 0.0 -4.862e+03 9.271e+04 0.0
5.000e+20 7.849e+09 3.116e+08 0.0 -3.656e+03 9.210e+04 0.0
2.000e+20 8.057e+09 1.059e+08 0.0 -1.196e+03 9.100e+04 0.0
9.000e+20 1.683e+09 4.427e+07 0.0 -5.236e+03 1.991e+05 0.0
7.000e+20 4.183e+09 2.291e+08 0.0 -6.903e+03 1.260e+05 0.0
2.000e+20 9.068e+09 1.830e+07 0.0 -1.731e+02 8.579e+04 0.0
6.000e+20 9.981e+09 5.210e+08 0.0 -4.259e+03 8.161e+04 0.0
5.000e+20 5.854e+09 3.626e+08 0.0 -6.594e+03 1.065e+05 0.0
1.000e+20 3.176e+09 1.743e+08 0.0 -7.937e+03 1.446e+05 0.0
3.000e+20 7.297e+09 2.264e+08 0.0 -2.965e+03 9.557e+04 0.0
2.000e+20 7.194e+09 1.348e+07 0.0 -1.805e+02 9.632e+04 0.0
4.000e+20 2.337e+09 4.693e+07 0.0 -3.392e+03 1.689e+05 0.0
5.000e+20 1.231e+09 2.879e+07 0.0 -5.441e+03 2.327e+05 0.0
2.000e+20 4.350e+09 1.317e+08 0.0 -3.747e+03 1.238e+05 0.0
8.000e+20 3.471e+09 1.749e+08 0.0 -6.973e+03 1.384e+05 0.0
7.000e+20 2.964e+09 1.153e+08 0.0 -5.833e+03 1.499e+05 0.0
9.000e+20 7.502e+09 2.763e+08 0.0 -3.471e+03 9.423e+04 0.0
4.000e+20 1.693e+09 1.058e+08 0.0 -1.237e+04 1.980e+05 0.0
7.000e+20 5.533e+09 2.137e+08 0.0 -4.236e+03 1.097e+05 0.0
9.000e+20 4.153e+09 1.663e+08 0.0 -5.070e+03 1.266e+05 0.0
4.000e+20 5.863e+09 1.733e+08 0.0 -3.151e+03 1.066e+05 0.0
7.000e+20 7.688e+09 3.857e+08 0.0 -4.666e+03 9.300e+04 0.0
8.000e+20 9.570e+09 3.072e+08 0.0 -2.679e+03 8.345e+04 0.0
7.000e+20 5.500e+09 1.723e+08 0.0 -3.449e+03 1.101e+05 0.0
5.000e+20 8.703e+09 2.891e+08 0.0 -2.906e+03 8.750e+04 0.0
3.000e+20 4.306e+09 6.603e+07 0.0 -1.909e+03 1.245e+05 0.0
2.000e+20 8.306e+09 6.404e+07 0.0 -6.911e+02 8.964e+04 0.0
5.000e+20 5.268e+09 2.739e+08 0.0 -5.840e+03 1.123e+05 0.0
8.000e+20 3.029e+09 1.071e+08 0.0 -5.243e+03 1.483e+05 0.0
9.000e+20 1.953e+09 1.160e+08 0.0 -1.096e+04 1.844e+05 0.0
7.000e+20 2.886e+09 6.793e+07 0.0 -3.577e+03 1.520e+05 0.0
3.000e+20 4.148e+09 4.938e+07 0.0 -1.510e+03 1.268e+05 0.0
4.000e+20 3.122e+09 1.287e+08 0.0 -6.019e+03 1.460e+05 0.0
1.000e+20 7.251e+09 2.980e+08 0.0 -3.938e+03 9.582e+04 0.0
2.000e+20 6.515e+09 2.414e+08 0.0 -3.746e+03 1.011e+05 0.0
4.000e+20 8.572e+09 4.751e+08 0.0 -4.879e+03 8.803e+04 0.0
2.000e+20 5.828e+09 1.169e+08 0.0 -2.146e+03 1.070e+05 0.0
3.000e+20 1.253e+09 7.836e+07 0.0 -1.439e+04 2.301e+05 0.0
5.000e+20 3.817e+09 1.147e+07 0.0 -3.972e+02 1.322e+05 0.0
2.000e+20 3.912e+09 1.461e+08 0.0 -4.874e+03 1.305e+05 0.0
4.000e+20 2.997e+09 1.714e+08 0.0 -8.514e+03 1.489e+05 0.0
8.000e+20 6.066e+09 2.744e+08 0.0 -4.738e+03 1.047e+05 0.0
2.000e+20 4.323e+09 1.331e+08 0.0 -3.822e+03 1.242e+05 0.0
3.000e+20 3.323e+09 1.316e+08 0.0 -5.605e+03 1.416e+05 0.0
7.000e+20 4.320e+09 7.177e+07 0.0 -2.065e+03 1.243e+05 0.0
4.000e+20 3.933e+09 2.803e+07 0.0 -9.286e+02 1.303e+05 0.0
8.000e+20 1.056e+09 2.735e+07 0.0 -6.509e+03 2.513e+05 0.0
9.000e+20 8.317e+09 5.204e+08 0.0 -5.589e+03 8.932e+04 0.0
8.000e+20 9.981e+09 5.456e+08 0.0 -4.460e+03 8.159e+04 0.0
2.000e+20 4.668e+09 1.784e+08 0.0 -4.564e+03 1.194e+05 0.0
1.000e+20 1.669e+09 3.472e+07 0.0 -4.160e+03 1.999e+05 0.0
9.000e+20 5.901e+09 9.675e+07 0.0 -1.743e+03 1.063e+05 0.0
9.000e+20 6.588e+09 1.184e+07 0.0 -1.810e+02 1.007e+05 0.0
3.000e+20 8.220e+09 1.889e+08 0.0 -2.070e+03 9.008e+04 0.0
2.000e+20 8.832e+09 2.668e+08 0.0 -2.625e+03 8.687e+04 0.0
2.000e+20 7.161e+09 2.932e+08 0.0 -3.949e+03 9.642e+04 0.0
2.000e+20 7.462e+09 1.935e+08 0.0 -2.452e+03 9.453e+04 0.0
8.000e+20 5.397e+09 2.646e+08 0.0 -5.443e+03 1.110e+05 0.0
3.000e+20 5.323e+09 3.205e+08 0.0 -6.725e+03 1.117e+05 0.0
3.000e+20 4.826e+09 7.419e+07 0.0 -1.808e+03 1.176e+05 0.0
5.000e+20 2.732e+09 1.065e+08 0.0 -6.084e+03 1.561e+05 0.0
5.000e+20 2.930e+09 6.749e+07 0.0 -3.475e+03 1.509e+05 0.0
7.000e+20 6.626e+09 1.082e+08 0.0 -1.639e+03 1.003e+05 0.0
4.000e+20 1.509e+09 8.528e+07 0.0 -1.186e+04 2.098e+05 0.0
4.000e+20 7.651e+09 4.343e+08 0.0 -5.289e+03 9.317e+04 0.0
3.000e+20 7.588e+09 1.076e+08 0.0 -1.329e+03 9.377e+04 0.0
7.000e+20 4.571e+09 2.472e+08 0.0 -6.521e+03 1.206e+05 0.0
5.000e+20 4.788e+09 2.183e+08 0.0 -5.374e+03 1.179e+05 0.0
4.000e+20 7.222e+09 4.630e+07 0.0 -6.162e+02 9.613e+04 0.0
8.000e+20 1.148e+09 4.106e+07 0.0 -8.615e+03 2.409e+05 0.0
4.000e+20 1.021e+09 8.532e+06 0.0 -2.137e+03 2.557e+05 0.0
7.000e+20 6.883e+09 1.214e+08 0.0 -1.736e+03 9.845e+04 0.0
2.000e+20 3.598e+09 1.822e+08 0.0 -6.884e+03 1.359e+05 0.0
2.000e+20 1.317e+09 3.013e+07 0.0 -5.146e+03 2.250e+05 0.0
7.000e+20 1.421e+09 2.619e+07 0.0 -3.995e+03 2.167e+05 0.0
4.000e+20 5.852e+09 3.442e+08 0.0 -6.264e+03 1.065e+05 0.0
5.000e+20 2.216e+09 4.234e+07 0.0 -3.316e+03 1.735e+05 0.0
2.000e+20 2.275e+09 1.297e+08 0.0 -9.742e+03 1.709e+05 0.0
8.000e+20 3.199e+09 8.713e+07 0.0 -3.932e+03 1.444e+05 0.0
8.000e+20 3.468e+09 8.056e+07 0.0 -3.221e+03 1.387e+05 0.0
3.000e+20 7.527e+09 4.542e+08 0.0 -5.666e+03 9.391e+04 0.0
2.000e+20 5.159e+09 8.130e+07 0.0 -1.792e+03 1.137e+05 0.0
7.000e+20 7.147e+09 9.208e+07 0.0 -1.245e+03 9.663e+04 0.0
1.000e+20 2.930e+09 1.640e+08 0.0 -8.426e+03 1.506e+05 0.0
3.000e+20 8.612e+09 9.121e+07 0.0 -9.322e+02 8.803e+04 0.0
6.000e+20 9.596e+09 5.635e+08 0.0 -4.885e+03 8.318e+04 0.0
2.000e+20 2.307e+09 4.252e+07 0.0 -3.134e+03 1.700e+05 0.0
2.000e+20 3.535e+09 1.943e+08 0.0 -7.538e+03 1.371e+05 0.0
9.000e+20 5.606e+09 7.315e+07 0.0 -1.424e+03 1.091e+05 0.0
5.000e+20 2.872e+09 3.189e+07 0.0 -1.692e+03 1.524e+05 0.0
9.000e+20 7.214e+09 3.806e+07 0.0 -5.075e+02 9.618e+04 0.0
8.000e+20 7.229e+09 4.360e+08 0.0 -5.779e+03 9.583e+04 0.0
2.000e+20 5.680e+09 2.482e+08 0.0 -4.730e+03 1.082e+05 0.0
9.000e+20 9.415e+09 1.938e+08 0.0 -1.732e+03 8.417e+04 0.0
2.000e+20 3.681e+09 4.769e+07 0.0 -1.744e+03 1.346e+05 0.0
4.000e+20 9.811e+09 4.115e+08 0.0 -3.455e+03 8.237e+04 0.0
6.000e+20 6.267e+09 3.692e+08 0.0 -6.065e+03 1.029e+05 0.0
5.000e+20 5.652e+09 2.796e+08 0.0 -5.365e+03 1.085e+05 0.0
