50
1.0e30 0.0 0.0 0.0 0.0 0.0 0.0
4.000e+20 8.914e+09 1.875e+08 0.0 -1.820e+03 8.650e+04 0.0
1.000e+20 7.299e+09 6.451e+07 0.0 -8.451e+02 9.562e+04 0.0
7.000e+20 8.663e+09 1.728e+08 0.0 -1.751e+03 8.775e+04 0.0
4.000e+20 4.153e+09 2.527e+08 0.0 -7.693e+03 1.264e+05 0.0
8.000e+20 6.131e+09 3.483e+08 0.0 -5.912e+03 1.041e+05 0.0
6.000e+20 8.712e+09 3.790e+08 0.0 -3.802e+03 8.740e+04 0.0
5.000e+20 5.272e+09 6.932e+07 0.0 -1.479e+03 1.125e+05 0.0
3.000e+20 4.032e+09 9.838e+05 0.0 -3.139e+01 1.287e+05 0.0
3.000e+20 1.995e+09 4.843e+07 0.0 -4.438e+03 1.828e+05 0.0
4.000e+20 2.309e+09 4.847e+07 0.0 -3.569e+03 1.700e+05 0.0
7.000e+20 6.883e+09 2.051e+08 0.0 -2.932e+03 9.841e+04 0.0
7.000e+20 4.493e+09 2.350e+08 0.0 -6.361e+03 1.216e+05 0.0
2.000e+20 4.421e+09 8.832e+07 0.0 -2.453e+03 1.228e+05 0.0
5.000e+20 9.431e+09 2.763e+08 0.0 -2.463e+03 8.407e+04 0.0
6.000e+20 4.728e+09 1.524e+08 0.0 -3.828e+03 1.187e+05 0.0
7.000e+20 5.900e+09 6.384e+07 0.0 -1.151e+03 1.064e+05 0.0
5.000e+20 1.434e+09 6.695e+07 0.0 -1.005e+04 2.154e+05 0.0
8.000e+20 4.968e+09 9.121e+06 0.0 -2.128e+02 1.159e+05 0.0
3.000e+20 1.044e+09 6.533e+05 0.0 -1.583e+02 2.529e+05 0.0
8.000e+20 1.082e+09 4.899e+07 0.0 -1.122e+04 2.479e+05 0.0
1.000e+20 1.032e+09 3.006e+07 0.0 -7.407e+03 2.542e+05 0.0
2.000e+20 2.047e+09 1.489e+07 0.0 -1.313e+03 1.806e+05 0.0
1.000e+20 9.954e+09 5.540e+08 0.0 -4.547e+03 8.170e+04 0.0
3.000e+20 2.697e+09 9.648e+07 0.0 -5.621e+03 1.572e+05 0.0
8.000e+20 9.674e+09 1.160e+08 0.0 -9.955e+02 8.305e+04 0.0
9.000e+20 9.908e+09 3.432e+07 0.0 -2.843e+02 8.207e+04 0.0
9.000e+20 7.577e+09 8.631e+07 0.0 -1.069e+03 9.384e+04 0.0
3.000e+20 8.601e+09 5.357e+08 0.0 -5.470e+03 8.784e+04 0.0
5.000e+20 7.761e+09 2.208e+08 0.0 -2.637e+03 9.268e+04 0.0
6.000e+20 2.408e+09 1.186e+08 0.0 -8.186e+03 1.662e+05 0.0
8.000e+20 7.456e+09 4.037e+08 0.0 -5.112e+03 9.441e+04 0.0
8.000e+20 7.599e+09 5.333e+07 0.0 -6.577e+02 9.372e+04 0.0
3.000e+20 6.819e+09 2.434e+08 0.0 -3.529e+03 9.884e+04 0.0
3.000e+20 9.457e+09 4.059e+08 0.0 -3.600e+03 8.389e+04 0.0
2.000e+20 5.811e+09 3.690e+08 0.0 -6.784e+03 1.068e+05 0.0
9.000e+20 3.691e+09 7.826e+07 0.0 -2.850e+03 1.344e+05 0.0
1.000e+20 8.373e+09 1.114e+07 0.0 -1.187e+02 8.928e+04 0.0
5.000e+20 7.297e+09 4.677e+08 0.0 -6.111e+03 9.534e+04 0.0
2.000e+20 2.467e+09 1.045e+08 0.0 -6.960e+03 1.643e+05 0.0
5.000e+20 9.794e+09 2.789e+08 0.0 -2.349e+03 8.250e+04 0.0
8.000e+20 8.568e+09 4.482e+08 0.0 -4.607e+03 8.808e+04 0.0
1.000e+20 9.229e+09 3.939e+08 0.0 -3.624e+03 8.492e+04 0.0
7.000e+20 4.164e+09 1.053e+08 0.0 -3.199e+03 1.265e+05 0.0
2.000e+20 3.725e+09 9.659e+07 0.0 -3.469e+03 1.338e+05 0.0
3.000e+20 4.022e+09 1.052e+08 0.0 -3.366e+03 1.287e+05 0.0
1.000e+20 6.849e+09 2.706e+08 0.0 -3.896e+03 9.860e+04 0.0
2.000e+20 8.907e+09 1.774e+08 0.0 -1.723e+03 8.654e+04 0.0
5.000e+20 9.648e+09 3.962e+08 0.0 -3.412e+03 8.307e+04 0.0
5.000e+20 1.544e+09 4.925e+06 0.0 -6.633e+02 2.079e+05 0.0
